0.778
0.309
0.281
0.339
0.281
0.286
0.3
0.31
0.283
0.306
0.305
0.299
0.287
0.299
0.305
0.299
0.234
0.284
0.304
0.375
0.301
0.312
0.303
0.342
0.396
0.278
0.307
0.264
0.306
0.301
0.296
0.306
0.3
0.305
0.303
0.309
0.313
0.301
0.374
0.279
0.306
0.319
0.281
0.28
0.34
0.299
0.282
0.297
0.278
0.366
0.304
0.305
0.281
0.304
0.306
0.28
0.369
0.428
0.282
0.307
0.306
0.306
0.312
0.392
0.28
0.304
0.305
0.278
0.31
0.302
0.307
0.289
0.302
0.305
0.299
0.307
0.299
0.174
0.32
0.328
0.288
0.302
0.309
0.318
0.284
0.304
0.301
0.31
0.305
0.282
0.307
0.372
0.306
0.305
0.309
0.301
0.284
0.287
0.3
0.288
0.302
0.313
0.285
0.321
0.306
0.282
0.307
0.302
0.285
0.286
0.292
0.285
0.3
0.305
0.308
0.284
0.289
0.301
0.289
0.296
0.304
0.317
0.279
0.36
0.302
0.183
0.267
0.356
0.207
0.279
0.304
0.308
0.28
0.353
0.313
0.281
0.309
0.281
0.305
0.284
0.3
0.304
0.306
0.309
0.302
0.29
0.304
0.28
0.188
0.303
0.308
0.299
0.281
0.292
0.28
0.307
0.303
0.319
0.307
0.302
0.308
0.301
0.286
0.306
0.255
0.286
0.253
0.303
0.305
0.303
0.354
0.266
0.301
0.306
0.304
0.334
0.277
0.281
0.307
0.279
0.306
0.283
0.308
0.284
0.301
0.31
0.299
0.288
0.236
0.3
0.304
0.301
0.306
0.302
0.262
0.308
0.27
0.286
0.305
0.367
0.306
0.302
0.306
0.305
0.303
0.307
0.316
0.307
0.301
0.303
0.306
0.325
0.305
0.302
0.304
0.309
0.304
0.312
0.301
0.279
0.26
0.294
0.307
0.286
0.307
0.311
0.282
0.306
0.303
0.309
0.282
0.304
0.308
0.301
0.286
0.301
0.284
0.261
0.276
0.376
0.298
0.302
0.29
0.301
0.309
0.298
0.303
0.285
0.298
0.308
0.322
0.303
0.307
0.262
0.285
0.283
0.31
0.285
0.304
0.307
0.303
0.289
0.338
0.303
0.31
0.303
0.281
0.282
0.302
0.276
0.297
0.304
0.278
0.301
0.286
0.302
0.173
0.301
0.282
0.36
0.281
0.286
0.385
0.284
0.306
0.302
0.307
0.176
0.28
0.305
0.281
0.333
0.279
0.307
0.305
0.3
0.311
0.301
0.419
0.278
0.301
0.404
0.303
0.329
0.205
0.278
0.308
0.304
0.307
0.282
0.302
0.31
0.304
0.307
0.301
0.303
0.282
0.304
0.36
0.283
0.305
0.305
0.304
0.309
0.304
0.303
0.345
0.282
0.289
0.324
0.363
0.288
0.304
0.282
0.243
0.32
0.281
0.28
0.287
0.302
0.32
0.303
0.305
0.308
0.301
0.285
0.303
0.31
0.294
0.322
0.292
0.282
0.304
0.266
0.3
0.308
0.284
0.171
0.157
0.301
0.29
0.244
0.308
0.307
0.283
0.29
0.302
0.292
0.307
0.285
0.309
0.305
0.308
0.283
0.306
0.309
0.305
0.313
0.301
0.303
0.31
0.304
0.313
0.302
0.282
0.301
0.301
0.31
0.303
0.301
0.287
0.359
0.274
0.301
0.284
0.309
0.302
0.356
0.281
0.287
0.428
0.282
0.31
0.302
0.309
0.306
0.284
0.307
0.301
0.311
0.281
0.286
0.288
0.28
0.271
0.302
0.299
0.304
0.304
0.29
0.303
0.305
0.307
0.282
0.308
0.263
0.407
0.29
0.303
0.359
0.282
0.303
0.309
0.284
0.307
0.301
0.301
0.307
0.303
0.309
0.338
0.307
0.306
0.3
0.308
0.283
0.288
0.387
0.305
0.303
0.302
0.29
0.301
0.315
0.192
0.297
0.286
0.301
0.302
0.309
0.303
0.308
0.202
0.233
0.294
0.286
0.373
0.278
0.305
0.34
0.312
0.322
0.307
0.293
0.311
0.31
0.295
0.315
0.247
0.309
0.283
0.313
0.31
0.312
0.242
0.285
0.312
0.306
0.302
0.314
0.289
0.39
0.314
0.288
0.184
0.301
0.308
0.281
0.308
0.303
0.3
0.308
0.281
0.308
0.303
0.302
0.307
0.28
0.286
0.301
0.306
0.282
0.282
0.359
0.334
0.308
0.26
0.281
0.306
0.301
0.306
0.303
0.283
0.308
0.303
0.288
0.301
0.26
0.304
0.282
0.248
0.254
0.3
0.307
0.303
0.309
0.212
0.302
0.307
0.301
0.308
0.302
0.288
0.32
0.301
0.31
0.301
0.283
0.291
0.301
0.29
0.303
0.287
0.302
0.302
0.306
0.281
0.309
0.301
0.28
0.307
0.301
0.307
0.301
0.282
0.308
0.321
0.385
0.231
0.304
0.307
0.253
0.306
0.281
0.304
0.31
0.303
0.287
0.291
0.288
0.31
0.305
0.308
0.304
0.309
0.285
0.304
0.311
0.283
0.309
0.301
0.303
0.306
0.3
0.274
0.299
0.307
0.286
0.303
0.309
0.228
0.304
0.306
0.303
0.286
0.301
0.32
0.308
0.322
0.304
0.303
0.305
0.309
0.3
0.307
0.299
0.309
0.308
0.282
0.31
0.3
0.307
0.307
0.302
0.312
0.303
0.311
0.283
0.283
0.28
0.301
0.371
0.301
0.302
0.242
0.282
0.307
0.283
0.297
0.288
0.279
0.308
0.382
0.304
0.307
0.28
0.289
0.281
0.284
0.304
0.358
0.316
0.318
0.308
0.286
0.332
0.328
0.299
0.286
0.294
0.366
0.305
0.28
0.324
0.301
0.302
0.292
0.281
0.172
0.299
0.303
0.307
0.368
0.308
0.31
0.353
0.307
0.28
0.306
0.323
0.302
0.307
0.27
0.309
0.282
0.276
0.319
0.284
0.285
0.282
0.306
0.259
0.311
0.288
0.26
0.308
0.304
0.307
0.312
0.303
0.31
0.283
0.358
0.309
0.42
0.304
0.301
0.302
0.285
0.303
0.287
0.302
0.386
0.285
0.282
0.31
0.281
0.302
0.307
0.301
0.288
0.299
0.285
0.286
0.301
0.283
0.344
0.285
0.302
0.303
0.282
0.282
0.343
0.313
0.311
0.305
0.264
0.286
0.321
0.283
0.306
0.425
0.285
0.301
0.284
0.306
0.3
0.287
0.28
0.302
0.31
0.313
0.305
0.304
0.302
0.287
0.302
0.364
0.399
0.287
0.287
0.305
0.305
0.276
0.285
0.303
0.304
0.286
0.3
0.311
0.302
0.339
0.285
0.264
0.287
0.313
0.276
0.283
0.302
0.286
0.28
0.282
0.309
0.305
0.375
0.279
0.285
0.307
0.303
0.311
0.302
0.308
0.288
0.222
0.303
0.303
0.288
0.285
0.241
0.289
0.302
0.307
0.28
0.303
0.285
0.303
0.289
0.303
0.282
0.306
0.329
0.286
0.299
0.305
0.308
0.302
0.307
0.303
0.302
0.289
0.303
0.309
0.278
0.283
0.286
0.366
0.295
0.389
0.309
0.258
0.317
0.362
0.302
0.311
0.3
0.321
0.284
0.28
0.305
0.304
0.283
0.233
0.424
0.308
0.302
0.284
0.308
0.303
0.356
0.302
0.282
0.31
0.281
0.308
0.281
0.281
0.304
0.278
0.306
0.304
0.307
0.313
0.302
0.33
0.281
0.33
0.299
0.303
0.308
0.189
0.288
0.282
0.303
0.306
0.31
0.287
0.3
0.302
0.286
0.36
0.29
0.279
0.303
0.309
0.303
0.29
0.302
0.305
0.306
0.282
0.308
0.303
0.29
0.287
0.301
0.282
0.282
0.288
0.318
0.302
0.307
0.306
0.363
0.301
0.283
0.286
0.3
0.291
0.281
0.306
0.309
0.302
0.318
0.282
0.281
0.387
0.302
0.291
0.302
0.282
0.307
0.308
0.348
0.3
0.336
0.181
0.363
0.306
0.306
0.333
0.322
0.339
0.324
0.328
0.333
0.318
0.307
0.314
0.367
0.318
0.29
0.307
0.306
0.284
0.295
0.309
0.321
0.319
0.176
0.3
0.28
0.294
0.266
0.306
0.302
0.303
0.222
0.291
0.299
0.277
0.313
0.3
0.315
0.306
0.307
0.301
0.248
0.28
0.302
0.309
0.304
0.31
0.281
0.228
0.237
0.282
0.233
0.303
0.283
0.309
0.301
0.364
0.292
0.356
0.305
0.304
0.307
0.281
0.324
0.309
0.301
0.286
0.279
0.308
0.293
0.372
0.285
0.304
0.309
0.357
0.309
0.301
0.299
0.308
0.305
0.303
0.289
0.288
0.305
0.304
0.304
0.309
0.338
0.307
0.303
0.305
0.286
0.362
0.192
0.313
0.3
0.26
0.304
0.308
0.321
0.308
0.308
0.305
0.308
0.29
0.307
0.27
0.301
0.31
0.311
0.308
0.283
0.305
0.31
0.303
0.309
0.303
0.283
0.254
0.297
0.289
0.294
0.304
0.31
0.306
0.313
0.281
0.303
0.309
0.3
0.285
0.282
0.308
0.31
0.301
0.307
0.3
0.308
0.309
0.3
0.308
0.3
0.301
0.303
0.281
0.36
0.301
0.31
0.28
0.302
0.307
0.37
0.288
0.303
0.302
0.331
0.299
0.306
0.301
0.281
0.31
0.378
0.286
0.301
0.302
0.226
0.301
0.317
0.281
0.305
0.309
0.284
0.288
0.303
0.309
0.304
0.42
0.322
0.394
0.334
0.28
0.304
0.306
0.301
0.295
0.297
0.302
0.307
0.305
0.311
0.275
0.304
0.304
0.28
0.352
0.303
0.305
0.313
0.282
0.305
0.3
0.306
0.304
0.282
0.305
0.281
0.286
0.293
0.302
0.308
0.302
0.31
0.24
0.282
0.334
0.368
0.305
0.301
0.362
0.308
0.297
0.31
0.301
0.283
0.305
0.278
0.287
0.301
0.304
0.309
0.301
0.287
0.304
0.305
0.256
0.302
0.307
0.303
0.308
0.283
0.282
0.31
0.302
0.289
0.282
0.303
0.424
0.279
0.247
0.301
0.302
0.303
0.304
0.287
0.301
0.329
0.292
0.305
0.309
0.303
0.302
0.31
0.302
0.327
0.303
0.282
0.288
0.304
0.306
0.298
0.31
0.265
0.301
0.32
0.3
0.288
0.361
0.365
0.366
0.241
0.308
0.303
0.239
0.345
0.36
0.353
0.332
0.33
0.339
0.36
0.339
0.308
0.338
0.323
0.361
0.347
0.308
0.329
0.318
0.405
0.332
0.302
0.308
0.337
0.308
0.288
0.279
0.363
0.315
0.315
0.296
0.3
0.346
0.333
0.376
0.326
0.326
0.356
0.33
0.342
0.323
0.375
0.321
0.303
0.307
0.303
0.313
0.313
0.337
0.316
0.305
0.305
0.34
0.28
0.327
0.309
0.307
0.296
0.306
0.313
0.306
0.283
0.317
0.316
0.29
0.316
0.302
0.313
0.339
0.342
0.335
0.336
0.323
0.316
0.307
0.324
0.32
0.342
0.335
0.344
0.316
0.357
0.504
0.302
0.415
0.304
0.304
0.317
0.282
0.398
0.305
0.29
0.319
0.305
0.329
0.405
0.314
0.315
0.294
0.309
0.294
0.308
0.328
0.303
0.306
0.276
0.307
0.3
0.304
0.306
0.302
0.309
0.304
0.221
0.294
0.301
0.286
0.421
0.304
0.29
0.29
0.287
0.284
0.304
0.33
0.302
0.306
0.302
0.302
0.344
0.284
0.304
0.305
0.287
0.306
0.263
0.305
0.302
0.307
0.306
0.282
0.287
0.279
0.307
0.282
0.28
0.286
0.299
0.308
0.303
0.281
0.306
0.42
0.308
0.305
0.303
0.177
0.299
0.288
0.28
0.304
0.354
0.427
0.309
0.306
0.308
0.315
0.288
0.308
0.396
0.311
0.311
0.365
0.437
0.287
0.312
0.303
0.308
0.292
0.297
0.309
0.307
0.303
0.313
0.304
0.312
0.323
0.309
0.319
0.342
0.326
0.305
0.303
0.33
0.314
0.309
0.304
0.312
0.317
0.302
0.377
0.305
0.301
0.368
0.297
0.31
0.313
0.321
0.363
0.306
0.286
0.194
0.305
0.284
0.301
0.311
0.302
0.308
0.26
0.181
0.422
0.304
0.308
0.282
0.304
0.31
0.299
0.31
0.3
0.283
0.307
0.282
0.307
0.302
0.307
0.29
0.3
0.307
0.301
0.359
0.31
0.272
0.307
0.404
